SIZES
  narena                14680064
  nbuffer               420576
  nplugin               0
  maxuse_stack          7256
  maxuse_arena          31664
  maxuse_con            7
  maxuse_efc            36
  solver_nisland        1
  ne                    0
  nf                    8
  nl                    1
  nefc                  21
  nnzJ                  294
  ncon                  4
  nisland               0
  threadpool            0

TIMER
    0:  duration =  0.48       number = 11
    1:  duration =  0.45       number = 11
    2:  duration =  0          number = 0
    3:  duration =  0.32       number = 11
    4:  duration =  0.021      number = 11
    5:  duration =  0.0052     number = 11
    6:  duration =  0.073      number = 11
    7:  duration =  0.012      number = 11
    8:  duration =  0.041      number = 11
    9:  duration =  0.011      number = 11
    10:  duration =  0.22       number = 11
    11:  duration =  0.043      number = 11
    12:  duration =  0.00096    number = 11
    13:  duration =  0.064      number = 11
    14:  duration =  0.055      number = 11

SOLVER STAT
  solver_nisland = 1
  solver_fwdinv =   0         0       
  ISLAND 0
    solver_niter = 1
    solver_nnz = 196
      0:  improvement =  0           gradient =  4.8e-16     lineslope =  0       
          nactive = 21   nchange = 0   neval = 2   nupdate = 0

ENERGY =   0         0       

TIME =  49      

QPOS
   0.46    
   0.5     
   0.058   
  -9.7e-06 
  -0.89    
   0.45    
  -1.9e-05 
   1       
  -1       
   1       
  -0.77    
   1       
  -1       
   1       
  -1       

QVEL
  -9.3e-18 
   4.3e-18 
   1.7e-15 
  -7.8e-16 
  -8.1e-18 
  -1.8e-17 
   5.3e-14 
   5.3e-14 
   5.3e-14 
   2.2e-14 
   5.3e-14 
   5.3e-14 
  -5.3e-14 
  -5.3e-14 

QACC_WARMSTART
  -1.8e-15 
  -2.1e-15 
  -4.8e-17 
   1.7e-13 
   9.1e-15 
   2.4e-15 
  -1.7e-14 
   6.8e-15 
  -1.1e-14 
   6.7e-14 
  -2.5e-14 
   1.1e-14 
   2.4e-14 
  -8.4e-15 

CTRL
   1       
   0.39    
   1       
  -1       
   1       
  -1       
   1       
  -1       

QFRC_APPLIED
   0       
   0       
   0       
   0       
   0       
   0       
   0       
   0       
   0       
   0       
   0       
   0       
   0       
   0       

XFRC_APPLIED
   0         0         0         0         0         0       
   0         0         0         0         0         0       
   0         0         0         0         0         0       
   0         0         0         0         0         0       
   0         0         0         0         0         0       
   0         0         0         0         0         0       
   0         0         0         0         0         0       
   0         0         0         0         0         0       
   0         0         0         0         0         0       
   0         0         0         0         0         0       
   0         0         0         0         0         0       
   0         0         0         0         0         0       
   0         0         0         0         0         0       
   0         0         0         0         0         0       

QACC
  -1.8e-15 
  -2.1e-15 
  -4.8e-17 
   1.7e-13 
   9.1e-15 
   2.4e-15 
  -1.7e-14 
   6.8e-15 
  -1.1e-14 
   6.7e-14 
  -2.5e-14 
   1.1e-14 
   2.4e-14 
  -8.4e-15 

SENSOR
   1       
  -0.77    
   1       
  -1       
   1       
  -1       
   1       
  -1       
   5.3e-14 
   2.2e-14 
   5.3e-14 
   5.3e-14 
  -5.3e-14 
  -5.3e-14 
   5.3e-14 
   5.3e-14 
  -9.7e-06 
  -0.89    
   0.45    
  -1.9e-05 
  -1.1e-15 
  -2.7e-17 
  -2.3e-17 
   0.00042 
  -1.1e-07 
  -9.8     

XPOS
   0         0         0       
   0.46      0.5       0.058   
   0.54      0.32      0.058   
   0.46      0.26      0.058   
   0.35      0.41      0.17    
   0.61      0.38      0.058   
   0.69      0.43      0.058   
   0.58      0.58      0.17    
   0.31      0.63      0.058   
   0.23      0.57      0.058   
   0.12      0.72      0.17    
   0.38      0.69      0.058   
   0.46      0.74      0.058   
   0.35      0.89      0.17    

XQUAT
   1         0         0         0       
  -9.7e-06  -0.89      0.45     -1.9e-05 
  -9.7e-06  -0.89      0.45     -1.9e-05 
  -0.22     -0.78      0.39     -0.43    
  -0.0013   -0.89      0.45     -0.0026  
  -9.7e-06  -0.89      0.45     -1.9e-05 
  -0.22     -0.78      0.39     -0.43    
  -0.054    -0.89      0.45     -0.11    
  -9.7e-06  -0.89      0.45     -1.9e-05 
  -0.22     -0.78      0.39     -0.43    
  -0.0013   -0.89      0.45     -0.0026  
  -9.7e-06  -0.89      0.45     -1.9e-05 
  -0.22     -0.78      0.39     -0.43    
  -0.0013   -0.89      0.45     -0.0026  

XMAT
   1         0         0         0         1         0         0         0         1       
   0.59     -0.8       2.6e-05  -0.8      -0.59     -3.5e-05   4.3e-05  -1.1e-08  -1       
   0.59     -0.8       2.6e-05  -0.8      -0.59     -3.5e-05   4.3e-05  -1.1e-08  -1       
   0.32     -0.8       0.5      -0.43     -0.59     -0.68      0.84     -1.1e-08  -0.54    
   0.59     -0.8       0.0035   -0.8      -0.59     -0.0047    0.0059   -1.1e-08  -1       
   0.59     -0.8       2.6e-05  -0.8      -0.59     -3.5e-05   4.3e-05  -1.1e-08  -1       
   0.32     -0.8       0.5      -0.43     -0.59     -0.68      0.85     -1.1e-08  -0.53    
   0.58     -0.8       0.14     -0.78     -0.59     -0.19      0.24     -1.1e-08  -0.97    
   0.59     -0.8       2.6e-05  -0.8      -0.59     -3.5e-05   4.3e-05  -1.1e-08  -1       
   0.32     -0.8       0.5      -0.43     -0.59     -0.68      0.84     -1.1e-08  -0.54    
   0.59     -0.8       0.0035   -0.8      -0.59     -0.0047    0.0059   -1.1e-08  -1       
   0.59     -0.8       2.6e-05  -0.8      -0.59     -3.5e-05   4.3e-05  -1.1e-08  -1       
   0.32     -0.8       0.5      -0.43     -0.59     -0.68      0.84     -1.1e-08  -0.54    
   0.59     -0.8       0.0035   -0.8      -0.59     -0.0047    0.0059   -1.1e-08  -1       

XIPOS
   0         0         0       
   0.47      0.49      0.063   
   0.51      0.32      0.058   
   0.44      0.31      0.085   
   0.35      0.41      0.32    
   0.62      0.4       0.058   
   0.65      0.46      0.085   
   0.56      0.6       0.32    
   0.3       0.61      0.058   
   0.21      0.62      0.085   
   0.12      0.72      0.32    
   0.4       0.69      0.058   
   0.42      0.77      0.085   
   0.35      0.89      0.32    

XIMAT
   1         0         0         0         1         0         0         0         1       
   0.013     0.8       0.6      -0.013     0.6      -0.8      -1         0.0032    0.018   
   0.0074   -0.89      0.46     -0.0022    0.46      0.89     -1        -0.0076    0.0014  
  -0.7      -0.37      0.61     -0.71      0.34     -0.61      0.011    -0.86     -0.5     
  -0.81     -0.58      0.013    -0.58      0.81     -0.014    -0.0024   -0.019    -1       
   6.5e-05  -0.18      0.98      0.0077    0.98      0.18     -1         0.0076    0.0014  
  -0.89     -0.22      0.4      -0.46      0.45     -0.77     -0.011    -0.87     -0.5     
  -0.8      -0.59      0.15     -0.61      0.77     -0.2       0.0057   -0.25     -0.97    
  -6.5e-05  -0.18      0.98     -0.0076    0.98      0.18     -1        -0.0075   -0.0014  
  -0.7      -0.37      0.61     -0.71      0.34     -0.61      0.011    -0.86     -0.5     
  -0.81     -0.58      0.013    -0.58      0.81     -0.014    -0.0024   -0.019    -1       
  -0.0075   -0.89      0.46      0.0023    0.46      0.89     -1         0.0077   -0.0014  
  -0.89     -0.22      0.4      -0.46      0.45     -0.77     -0.011    -0.86     -0.5     
  -0.8      -0.61      0.0096   -0.61      0.79     -0.016     0.0024   -0.019    -1       

XANCHOR
   0.46      0.5       0.058   
   0.46      0.26      0.058   
   0.35      0.41      0.17    
   0.69      0.43      0.058   
   0.58      0.58      0.17    
   0.23      0.57      0.058   
   0.12      0.72      0.17    
   0.46      0.74      0.058   
   0.35      0.89      0.17    

XAXIS
   0         0         1       
  -0.8      -0.59     -1.1e-08 
  -0.8      -0.59     -1.1e-08 
  -0.8      -0.59     -1.1e-08 
  -0.8      -0.59     -1.1e-08 
  -0.8      -0.59     -1.1e-08 
  -0.8      -0.59     -1.1e-08 
  -0.8      -0.59     -1.1e-08 
  -0.8      -0.59     -1.1e-08 

GEOM_XPOS
   0         0         0       
   1.2       0         0.04    
   1.6       0         0.04    
   2.3       0         0.02    
   2.6       0         0.02    
   2.8       0         0.02    
   3         0         0.02    
   3.2       0         0.02    
   3.4       0         0.02    
   0.63      0.27      0.12    
   0.63      0.27      0.12    
   0.65      0.24      0.025   
   0.49      0.45      0.026   
   0.5       0.44      0.059   
   0.46      0.5       0.058   
   0.63      0.27      0.048   
   0.63      0.27      0.12    
   0.53      0.34      0.058   
   0.52      0.33      0.058   
   0.47      0.27      0.058   
   0.45      0.3       0.077   
   0.41      0.34      0.11    
   0.36      0.4       0.3     
   0.35      0.41      0.39    
   0.35      0.41      0.38    
   0.6       0.39      0.058   
   0.61      0.4       0.058   
   0.68      0.42      0.058   
   0.65      0.45      0.077   
   0.63      0.51      0.11    
   0.57      0.6       0.3     
   0.55      0.62      0.38    
   0.55      0.62      0.38    
   0.32      0.62      0.058   
   0.31      0.61      0.058   
   0.24      0.58      0.058   
   0.22      0.61      0.077   
   0.18      0.65      0.11    
   0.13      0.71      0.3     
   0.12      0.72      0.39    
   0.12      0.72      0.38    
   0.39      0.67      0.058   
   0.4       0.68      0.058   
   0.44      0.73      0.058   
   0.42      0.76      0.077   
   0.4       0.82      0.11    
   0.35      0.88      0.3     
   0.35      0.89      0.39    
   0.35      0.89      0.38    

GEOM_XMAT
   1         0         0         0         1         0         0         0         1       
   1         0         0         0         1         0         0         0         1       
   1         0         0         0         1         0         0         0         1       
   1         0         0         0         1         0         0         0         1       
   1         0         0         0         1         0         0         0         1       
   1         0         0         0         1         0         0         0         1       
   1         0         0         0         1         0         0         0         1       
   1         0         0         0         1         0         0         0         1       
   1         0         0         0         1         0         0         0         1       
  -0.15     -0.57      0.8       0.21      0.78      0.59     -0.97      0.26      0.0018  
  -0.15     -0.57      0.8       0.21      0.78      0.59     -0.97      0.26      0.0006  
   0.59     -0.8      -0.028    -0.8      -0.59      0.038    -0.047    -0.00025  -1       
  -0.015     0.81      0.58      0.0067    0.58     -0.81     -1        -0.0081   -0.014   
  -0.018     0.8       0.6       0.046     0.6      -0.8      -1         0.013    -0.048   
   0.59     -0.8       2.6e-05  -0.8      -0.59     -3.5e-05   4.3e-05  -1.1e-08  -1       
   0.59     -0.8       2.6e-05  -0.8      -0.59     -3.5e-05   4.3e-05  -1.1e-08  -1       
   0.59     -0.8       2.6e-05  -0.8      -0.59     -3.5e-05   4.3e-05  -1.1e-08  -1       
  -0.77      0.0017    0.64     -0.64     -0.0028   -0.77      0.00049  -1         0.0033  
  -0.96      0.00047   0.26     -0.26     -0.0014   -0.96     -8.7e-05  -1         0.0015  
   0.59      2.6e-05   0.8      -0.8      -3.5e-05   0.59      4.3e-05  -1         1.1e-08 
  -0.69     -0.36      0.63     -0.72      0.31     -0.62      0.03     -0.88     -0.48    
  -0.5      -0.8       0.32      0.68     -0.59     -0.43      0.54     -1.1e-08   0.84    
  -0.81     -0.58     -0.018    -0.58      0.81      0.029    -0.0021    0.035    -1       
   0.32      0.8       0.5      -0.43      0.59     -0.68     -0.84     -0.00027   0.54    
   0.59     -0.8       0.0035   -0.8      -0.59     -0.0047    0.0059   -1.1e-08  -1       
   0.83      0.0022    0.55      0.55     -0.0023   -0.83     -0.00058   1        -0.0032  
   0.53      0.0012    0.85      0.85     -0.00073  -0.53     -3e-05     1        -0.0014  
   0.59      2.6e-05   0.8      -0.8      -3.5e-05   0.59      4.3e-05  -1         1.1e-08 
  -0.89     -0.19      0.41     -0.45      0.44     -0.78     -0.03     -0.88     -0.48    
  -0.5      -0.8       0.32      0.68     -0.59     -0.43      0.53     -1.1e-08   0.85    
  -0.79     -0.6       0.12     -0.61      0.78     -0.16      0.006    -0.2      -0.98    
   0.43      0.8       0.41     -0.58      0.59     -0.56     -0.7      -0.00031   0.72    
   0.58     -0.8       0.14     -0.78     -0.59     -0.19      0.24     -1.1e-08  -0.97    
  -0.83     -0.0021   -0.55     -0.55      0.0024    0.83     -0.00048   1        -0.0032  
  -0.53     -0.0011   -0.85     -0.85      0.00078   0.53      5.4e-05   1        -0.0014  
   0.59      2.6e-05   0.8      -0.8      -3.5e-05   0.59      4.3e-05  -1         1.1e-08 
  -0.69     -0.36      0.63     -0.72      0.31     -0.62      0.03     -0.88     -0.48    
  -0.5      -0.8       0.32      0.68     -0.59     -0.43      0.54     -1.1e-08   0.84    
  -0.81     -0.58     -0.018    -0.58      0.81      0.029    -0.0021    0.035    -1       
   0.32      0.8       0.5      -0.43      0.59     -0.68     -0.84     -0.00027   0.54    
   0.59     -0.8       0.0035   -0.8      -0.59     -0.0047    0.0059   -1.1e-08  -1       
   0.77     -0.0016   -0.64      0.64      0.0029    0.77      0.00058  -1         0.0033  
   0.96     -0.0004   -0.26      0.26      0.0014    0.96     -3e-06    -1         0.0015  
   0.59      2.6e-05   0.8      -0.8      -3.5e-05   0.59      4.3e-05  -1         1.1e-08 
  -0.89     -0.19      0.41     -0.45      0.44     -0.78     -0.03     -0.88     -0.48    
  -0.5      -0.8       0.32      0.68     -0.59     -0.43      0.54     -1.1e-08   0.84    
  -0.79     -0.61     -0.023    -0.61      0.79      0.026     0.0021    0.035    -1       
   0.32      0.8       0.5      -0.43      0.59     -0.68     -0.84     -0.00027   0.54    
   0.59     -0.8       0.0035   -0.8      -0.59     -0.0047    0.0059   -1.1e-08  -1       

SITE_XPOS
   0.44      0.52      0.016   

SITE_XMAT
   0.59     -0.8       2.6e-05  -0.8      -0.59     -3.5e-05   4.3e-05  -1.1e-08  -1       

LIGHT_XPOS
   0         0         1.5     

LIGHT_XDIR
   0         0        -1       

SUBTREE_COM
   0.45      0.51      0.084   
   0.45      0.51      0.084   
   0.47      0.33      0.099   
   0.42      0.33      0.14    
   0.35      0.41      0.32    
   0.62      0.45      0.099   
   0.63      0.5       0.14    
   0.56      0.6       0.32    
   0.25      0.63      0.099   
   0.19      0.65      0.14    
   0.12      0.72      0.32    
   0.4       0.74      0.099   
   0.4       0.8       0.14    
   0.35      0.89      0.32    

CDOF
   0         0         0         1         0         0       
   0         0         0         0         1         0       
   0         0         0         0         0         1       
   0.59     -0.8       4.3e-05  -0.021    -0.015    -2.2e-07 
  -0.8      -0.59     -1.1e-08  -0.015     0.021    -0.014   
   2.6e-05  -3.5e-05  -1         0.011     0.0082    1.5e-10 
  -0.8      -0.59     -1.1e-08  -0.015     0.021    -0.21    
  -0.8      -0.59     -1.1e-08   0.052    -0.071    -0.027   
  -0.8      -0.59     -1.1e-08  -0.015     0.021    -0.21    
  -0.8      -0.59     -1.1e-08   0.052    -0.071    -0.027   
  -0.8      -0.59     -1.1e-08  -0.015     0.021     0.18    
  -0.8      -0.59     -1.1e-08   0.052    -0.071     0.36    
  -0.8      -0.59     -1.1e-08  -0.015     0.021     0.18    
  -0.8      -0.59     -1.1e-08   0.052    -0.071     0.36    

CINERT
   0         0         0         0         0         0         0         0         0         0       
   0.08      0.057     0.12      0.039     0.002    -0.0028    0.14     -0.19     -0.14      6.9     
   0.05      0.0071    0.054     0.014     0.002    -0.0062    0.076    -0.24     -0.032     1.2     
   0.038     0.0032    0.039     1.8e-05   0.0013   -0.0011   -0.0078   -0.17      0.00076   0.85    
   0.021     0.02      0.006    -0.0029    0.0064    0.0073   -0.027    -0.031     0.067     0.28    
   0.019     0.038     0.054     0.024     0.0054   -0.0037    0.21     -0.14     -0.032     1.2     
   0.0062    0.035     0.039     0.0098    0.00068  -0.0015    0.17     -0.043     0.00073   0.85    
   0.019     0.02      0.0058   -0.0027   -0.0072   -0.0061    0.031     0.025     0.066     0.28    
   0.013     0.031     0.042     0.017    -0.0049    0.003    -0.19      0.12     -0.032     1.2     
   0.013     0.051     0.062     0.023     0.0014   -0.0013   -0.2       0.09      0.00075   0.85    
   0.029     0.047     0.041     0.018     0.022    -0.014    -0.091     0.057     0.067     0.28    
   0.04      0.0049    0.042     0.0093   -0.0014    0.0055   -0.056     0.21     -0.032     1.2     
   0.061     0.003     0.062     0.0084    0.00085  -0.0018   -0.027     0.22      0.00075   0.85    
   0.056     0.02      0.041     0.01      0.0065   -0.025    -0.027     0.1       0.067     0.28    

ACTUATOR_LENGTH
   1       
  -0.77    
   1       
  -1       
   1       
  -1       
   1       
  -1       

ACTUATOR_MOMENT
   0         0         0         0         0         0         0         0         1         0         0         0         0         0       
   0         0         0         0         0         0         0         0         0         1         0         0         0         0       
   0         0         0         0         0         0         1         0         0         0         0         0         0         0       
   0         0         0         0         0         0         0         1         0         0         0         0         0         0       
   0         0         0         0         0         0         0         0         0         0         0         0         1         0       
   0         0         0         0         0         0         0         0         0         0         0         0         0         1       
   0         0         0         0         0         0         0         0         0         0         1         0         0         0       
   0         0         0         0         0         0         0         0         0         0         0         1         0         0       

CRB
   0         0         0         0         0         0         0         0         0         0       
   0.44      0.34      0.6       0.17      0.035    -0.047    -4.2e-16  -2.2e-16  -6.2e-17   16      
   0.11      0.03      0.099     0.012     0.0096    2.3e-05   0.041    -0.44      0.036     2.4     
   0.059     0.023     0.045    -0.0029    0.0077    0.0062   -0.035    -0.2       0.068     1.1     
   0.021     0.02      0.006    -0.0029    0.0064    0.0073   -0.027    -0.031     0.067     0.28    
   0.044     0.094     0.098     0.031    -0.0011   -0.011     0.41     -0.16      0.035     2.4     
   0.025     0.056     0.045     0.0071   -0.0065   -0.0076    0.2      -0.018     0.067     1.1     
   0.019     0.02      0.0058   -0.0027   -0.0072   -0.0061    0.031     0.025     0.066     0.28    
   0.055     0.13      0.14      0.059     0.018    -0.012    -0.48      0.26      0.036     2.4     
   0.041     0.099     0.1       0.042     0.023    -0.015    -0.29      0.15      0.068     1.1     
   0.029     0.047     0.041     0.018     0.022    -0.014    -0.091     0.057     0.067     0.28    
   0.16      0.028     0.14      0.028     0.006    -0.021    -0.11      0.54      0.036     2.4     
   0.12      0.023     0.1       0.019     0.0074   -0.027    -0.054     0.32      0.068     1.1     
   0.056     0.02      0.041     0.01      0.0065   -0.025    -0.027     0.1       0.067     0.28    

QM
   16        0         0        -0.34     -0.25      0.18     -0.058    -0.025    -0.057    -0.025    -0.058    -0.025    -0.058    -0.025   
   0         16        0        -0.25      0.34      0.13      0.078     0.034     0.077     0.033     0.078     0.034     0.078     0.034   
   0         0         16       -3.7e-06  -0.23      2.4e-09  -0.09      0.001    -0.1      -0.0088   -0.09      0.001    -0.09      0.001   
  -0.34     -0.25     -3.7e-06   0.23     -0.0013   -0.064     0.013    -0.00015  -0.014    -0.0013    0.013    -0.00015  -0.013     0.00015 
  -0.25      0.34     -0.23     -0.0013    0.58      0.00011   0.019     0.013     0.021     0.012     0.054     0.012     0.054     0.012   
   0.18      0.13      2.4e-09  -0.064     0.00011   0.6       0.014     0.006    -0.014    -0.0059    0.014     0.006    -0.014    -0.006   
  -0.058     0.078    -0.09      0.013     0.019     0.014     0.047     0.012     0         0         0         0         0         0       
  -0.025     0.034     0.001    -0.00015   0.013     0.006     0.012     0.018     0         0         0         0         0         0       
  -0.057     0.077    -0.1      -0.014     0.021    -0.014     0         0         0.05      0.014     0         0         0         0       
  -0.025     0.033    -0.0088   -0.0013    0.012    -0.0059    0         0         0.014     0.018     0         0         0         0       
  -0.058     0.078    -0.09      0.013     0.054     0.014     0         0         0         0         0.047     0.012     0         0       
  -0.025     0.034     0.001    -0.00015   0.012     0.006     0         0         0         0         0.012     0.018     0         0       
  -0.058     0.078    -0.09     -0.013     0.054    -0.014     0         0         0         0         0         0         0.047     0.012   
  -0.025     0.034     0.001     0.00015   0.012    -0.006     0         0         0         0         0         0         0.012     0.018   

QLD
   15        0.0012   -0.024    -1.6      -0.15      0.31     -1        -1.4      -0.96     -1.4      -1        -1.4      -1        -1.4     
   0.0012    15        0.033    -1.2       0.2       0.22      1.4       1.9       1.3       1.9       1.4       1.9       1.4       1.9     
  -0.024     0.033     15       -0.0083    0.11     -0.0032   -2.4       0.058    -2.4      -0.5      -2.4       0.058    -2.4       0.058   
  -1.6      -1.2      -0.0083    0.2      -0.00042  -0.13      0.34     -0.0082   -0.34     -0.07      0.34     -0.0082   -0.34      0.0082  
  -0.15      0.2       0.11     -0.00042   0.43     -0.00032   0.28      0.71      0.28      0.7       1.2       0.69      1.2       0.69    
   0.31      0.22     -0.0032   -0.13     -0.00032   0.59      0.25      0.34     -0.23     -0.33      0.25      0.34     -0.25     -0.34    
  -1         1.4      -2.4       0.34      0.28      0.25      0.038     0.7       0         0         0         0         0         0       
  -1.4       1.9       0.058    -0.0082    0.71      0.34      0.7       0.018     0         0         0         0         0         0       
  -0.96      1.3      -2.4      -0.34      0.28     -0.23      0         0         0.039     0.79      0         0         0         0       
  -1.4       1.9      -0.5      -0.07      0.7      -0.33      0         0         0.79      0.018     0         0         0         0       
  -1         1.4      -2.4       0.34      1.2       0.25      0         0         0         0         0.038     0.7       0         0       
  -1.4       1.9       0.058    -0.0082    0.69      0.34      0         0         0         0         0.7       0.018     0         0       
  -1         1.4      -2.4      -0.34      1.2      -0.25      0         0         0         0         0         0         0.038     0.7     
  -1.4       1.9       0.058     0.0082    0.69     -0.34      0         0         0         0         0         0         0.7       0.018   

QLDIAGINV
   0.065   
   0.065   
   0.065   
   5.1     
   2.3     
   1.7     
   26      
   56      
   26      
   56      
   26      
   56      
   26      
   56      

QLDIAGSQRTINV
   0.25    
   0.25    
   0.25    
   2.2     
   1.5     
   1.3     
   5.1     
   7.5     
   5.1     
   7.5     
   5.1     
   7.5     
   5.1     
   7.5     

D_rownnz              14 14 14 14 14 14 8 8 8 8 8 8 8 8

D_rowadr              0 14 28 42 56 70 84 92 100 108 116 124 132 140

D_colind              0 1 2 3 4 5 6 7 8 9 10 11 12 13 0 1 2 3 4 5 6 7 8 9 10 11 12 13 0 1 2 3 4 5 6 7 8 9 10 11 12 13 0 1 2 3 4 5 6 7 8 9 10 11 12 13 0 1 2 3 4 5 6 7 8 9 10 11 12 13 0 1 2 3 4 5 6 7 8 9 10 11 12 13 0 1 2 3 4 5 6 7 0 1 2 3 4 5 6 7 0 1 2 3 4 5 8 9 0 1 2 3 4 5 8 9 0 1 2 3 4 5 10 11 0 1 2 3 4 5 10 11 0 1 2 3 4 5 12 13 0 1 2 3 4 5 12 13

B_rownnz              14 14 8 8 8 8 8 8 8 8 8 8 8 8

B_rowadr              0 14 28 36 44 52 60 68 76 84 92 100 108 116

B_colind              0 1 2 3 4 5 6 7 8 9 10 11 12 13 0 1 2 3 4 5 6 7 8 9 10 11 12 13 0 1 2 3 4 5 6 7 0 1 2 3 4 5 6 7 0 1 2 3 4 5 6 7 0 1 2 3 4 5 8 9 0 1 2 3 4 5 8 9 0 1 2 3 4 5 8 9 0 1 2 3 4 5 10 11 0 1 2 3 4 5 10 11 0 1 2 3 4 5 10 11 0 1 2 3 4 5 12 13 0 1 2 3 4 5 12 13 0 1 2 3 4 5 12 13

QDERIV
   0         0         0         0         0         0         0         0         0         0         0         0         0         0       
   0         0         0         0         0         0         0         0         0         0         0         0         0         0       
   0         0         0         0         0         0         0         0         0         0         0         0         0         0       
   0         0         0         0         0         0         0         0         0         0         0         0         0         0       
   0         0         0         0         0         0         0         0         0         0         0         0         0         0       
   0         0         0         0         0         0         0         0         0         0         0         0         0         0       
   0         0         0         0         0         0         0         0         0         0         0         0         0         0       
   0         0         0         0         0         0         0         0         0         0         0         0         0         0       
   0         0         0         0         0         0         0         0         0         0         0         0         0         0       
   0         0         0         0         0         0         0         0         0         0         0         0         0         0       
   0         0         0         0         0         0         0         0         0         0         0         0         0         0       
   0         0         0         0         0         0         0         0         0         0         0         0         0         0       
   0         0         0         0         0         0         0         0         0         0         0         0         0         0       
   0         0         0         0         0         0         0         0         0         0         0         0         0         0       

QLU
   0         0         0         0         0         0         0         0         0         0         0         0         0         0       
   0         0         0         0         0         0         0         0         0         0         0         0         0         0       
   0         0         0         0         0         0         0         0         0         0         0         0         0         0       
   0         0         0         0         0         0         0         0         0         0         0         0         0         0       
   0         0         0         0         0         0         0         0         0         0         0         0         0         0       
   0         0         0         0         0         0         0         0         0         0         0         0         0         0       
   0         0         0         0         0         0         0         0         0         0         0         0         0         0       
   0         0         0         0         0         0         0         0         0         0         0         0         0         0       
   0         0         0         0         0         0         0         0         0         0         0         0         0         0       
   0         0         0         0         0         0         0         0         0         0         0         0         0         0       
   0         0         0         0         0         0         0         0         0         0         0         0         0         0       
   0         0         0         0         0         0         0         0         0         0         0         0         0         0       
   0         0         0         0         0         0         0         0         0         0         0         0         0         0       
   0         0         0         0         0         0         0         0         0         0         0         0         0         0       

CONTACT
  0:
     dim           3
     geoms         floor : 14
     exclude       0
     efc_address   9
     solref         0.02      1       
     solimp         0.9       0.95      0.001     0.5       2       
     dist           0.00088 
     includemargin  0.001   
     pos            0.38      0.68      0.00044 
     frame          0         0         1         0         1         0        -1         0         0       
     friction       1         1         0.005     0.0001    0.0001  
     mu             0.1     
  1:
     dim           3
     geoms         floor : 14
     exclude       0
     efc_address   12
     solref         0.02      1       
     solimp         0.9       0.95      0.001     0.5       2       
     dist           0.00089 
     includemargin  0.001   
     pos            0.61      0.38      0.00045 
     frame          0         0         1         0         1         0        -1         0         0       
     friction       1         1         0.005     0.0001    0.0001  
     mu             0.1     
  2:
     dim           3
     geoms         floor : 14
     exclude       0
     efc_address   15
     solref         0.02      1       
     solimp         0.9       0.95      0.001     0.5       2       
     dist           0.00088 
     includemargin  0.001   
     pos            0.31      0.63      0.00044 
     frame          0         0         1         0         1         0        -1         0         0       
     friction       1         1         0.005     0.0001    0.0001  
     mu             0.1     
  3:
     dim           3
     geoms         floor : 14
     exclude       0
     efc_address   18
     solref         0.02      1       
     solimp         0.9       0.95      0.001     0.5       2       
     dist           0.00089 
     includemargin  0.001   
     pos            0.53      0.32      0.00045 
     frame          0         0         1         0         1         0        -1         0         0       
     friction       1         1         0.005     0.0001    0.0001  
     mu             0.1     

EFC_TYPE
  1
  1
  1
  1
  1
  1
  1
  1
  3
  7
  7
  7
  7
  7
  7
  7
  7
  7
  7
  7
  7

EFC_ID
  6
  7
  8
  9
  10
  11
  12
  13
  4
  0
  0
  0
  1
  1
  1
  2
  2
  2
  3
  3
  3

EFC_J
   0         0         0         0         0         0         1         0         0         0         0         0         0         0       
   0         0         0         0         0         0         0         1         0         0         0         0         0         0       
   0         0         0         0         0         0         0         0         1         0         0         0         0         0       
   0         0         0         0         0         0         0         0         0         1         0         0         0         0       
   0         0         0         0         0         0         0         0         0         0         1         0         0         0       
   0         0         0         0         0         0         0         0         0         0         0         1         0         0       
   0         0         0         0         0         0         0         0         0         0         0         0         1         0       
   0         0         0         0         0         0         0         0         0         0         0         0         0         1       
   0         0         0         0         0         0         0         0         0        -1         0         0         0         0       
   0         0         1         0.047    -0.19      2e-06     0         0         0         0         0         0         0         0       
   0         1         0         0.034    -0.046     0.074     0         0         0         0         0         0         0         0       
  -1         0         0        -0.046    -0.034    -0.18      0         0         0         0         0         0         0         0       
   0         0         1         0.047     0.19      2e-06     0         0         0         0         0         0         0         0       
   0         1         0         0.034    -0.046    -0.15      0         0         0         0         0         0         0         0       
  -1         0         0        -0.046    -0.034     0.12      0         0         0         0         0         0         0         0       
   0         0         1        -0.047    -0.19     -2e-06     0         0         0         0         0         0         0         0       
   0         1         0         0.034    -0.046     0.15      0         0         0         0         0         0         0         0       
  -1         0         0        -0.046    -0.034    -0.12      0         0         0         0         0         0         0         0       
   0         0         1        -0.047     0.19     -2e-06     0         0         0         0         0         0         0         0       
   0         1         0         0.034    -0.046    -0.074     0         0         0         0         0         0         0         0       
  -1         0         0        -0.046    -0.034     0.18      0         0         0         0         0         0         0         0       

EFC_POS
   0       
   0       
   0       
   0       
   0       
   0       
   0       
   0       
  -0.072   
   0.00088 
   0       
   0       
   0.00089 
   0       
   0       
   0.00088 
   0       
   0       
   0.00089 
   0       
   0       

EFC_MARGIN
   0       
   0       
   0       
   0       
   0       
   0       
   0       
   0       
   0       
   0.001   
   0       
   0       
   0.001   
   0       
   0       
   0.001   
   0       
   0       
   0.001   
   0       
   0       

EFC_FRICTIONLOSS
   0.2     
   0.2     
   0.2     
   0.2     
   0.2     
   0.2     
   0.2     
   0.2     
   0       
   0       
   0       
   0       
   0       
   0       
   0       
   0       
   0       
   0       
   0       
   0       
   0       

EFC_DIAGAPPROX
   27      
   79      
   27      
   79      
   27      
   79      
   27      
   79      
   79      
   0.065   
   0.00065 
   0.00065 
   0.065   
   0.00065 
   0.00065 
   0.065   
   0.00065 
   0.00065 
   0.065   
   0.00065 
   0.00065 

EFC_KBIP
   0         1.1e+02   0.9       0       
   0         1.1e+02   0.9       0       
   0         1.1e+02   0.9       0       
   0         1.1e+02   0.9       0       
   0         1.1e+02   0.9       0       
   0         1.1e+02   0.9       0       
   0         1.1e+02   0.9       0       
   0         1.1e+02   0.9       0       
   2.8e+03   1.1e+02   0.95      0       
   2.8e+03   1.1e+02   0.9      -24      
   0         1.1e+02   0.9      -24      
   0         1.1e+02   0.9      -24      
   2.8e+03   1.1e+02   0.9      -21      
   0         1.1e+02   0.9      -21      
   0         1.1e+02   0.9      -21      
   2.8e+03   1.1e+02   0.9      -24      
   0         1.1e+02   0.9      -24      
   0         1.1e+02   0.9      -24      
   2.8e+03   1.1e+02   0.9      -21      
   0         1.1e+02   0.9      -21      
   0         1.1e+02   0.9      -21      

EFC_D
   0.33    
   0.11    
   0.33    
   0.11    
   0.33    
   0.11    
   0.33    
   0.11    
   0.24    
   1.4e+02 
   1.4e+04 
   1.4e+04 
   1.4e+02 
   1.4e+04 
   1.4e+04 
   1.4e+02 
   1.4e+04 
   1.4e+04 
   1.4e+02 
   1.4e+04 
   1.4e+04 

EFC_R
   3       
   8.7     
   3       
   8.7     
   3       
   8.7     
   3       
   8.7     
   4.1     
   0.0071  
   7.1e-05 
   7.1e-05 
   0.0071  
   7.1e-05 
   7.1e-05 
   0.0071  
   7.1e-05 
   7.1e-05 
   0.0071  
   7.1e-05 
   7.1e-05 

ACTUATOR_VELOCITY
   5.3e-14 
   2.2e-14 
   5.3e-14 
   5.3e-14 
  -5.3e-14 
  -5.3e-14 
   5.3e-14 
   5.3e-14 

CVEL
   0         0         0         0         0         0       
  -6.6e-16   9.3e-16   2.3e-17   1.6e-17   2.2e-17   1.7e-15 
  -6.6e-16   9.3e-16   2.3e-17   1.6e-17   2.2e-17   1.7e-15 
  -4.3e-14  -3.1e-14   2.3e-17  -8e-16     1.1e-15  -9.3e-15 
  -8.6e-14  -6.2e-14   2.3e-17   2e-15    -2.6e-15  -1.1e-14 
  -6.6e-16   9.3e-16   2.3e-17   1.6e-17   2.2e-17   1.7e-15 
  -4.3e-14  -3.1e-14   2.3e-17  -8e-16     1.1e-15  -9.3e-15 
  -6.1e-14  -4.3e-14   2.3e-17   3.4e-16  -4.1e-16  -9.9e-15 
  -6.6e-16   9.3e-16   2.3e-17   1.6e-17   2.2e-17   1.7e-15 
  -4.3e-14  -3.1e-14   2.3e-17  -8.1e-16   1.1e-15   1.1e-14 
  -8.6e-14  -6.2e-14   2.3e-17   2e-15    -2.6e-15   3e-14   
  -6.6e-16   9.3e-16   2.3e-17   1.6e-17   2.2e-17   1.7e-15 
   4.2e-14   3.2e-14   2.3e-17   8.3e-16  -1.1e-15  -7.8e-15 
   8.5e-14   6.4e-14   2.3e-17  -2e-15     2.7e-15  -2.7e-14 

CDOF_DOT
   0         0         0         0         0         0       
   0         0         0         0         0         0       
   0         0         0         0         0         0       
   0         0        -0         1.3e-15   1e-15     3.1e-18 
   0         0         0         1e-15    -1.3e-15   9.2e-18 
   0         0        -0        -5.5e-18  -7.9e-18   1.3e-22 
   1.4e-17  -1.8e-17   1.1e-15   8e-16    -1.5e-15   9.2e-18 
   1.4e-17  -1.8e-17   1.1e-15  -4.7e-15   6.3e-15   6.1e-15 
   1.4e-17  -1.8e-17   1.1e-15   8e-16    -1.5e-15   9.2e-18 
   1.4e-17  -1.8e-17   1.1e-15  -4.7e-15   6.3e-15   6e-15   
   1.4e-17  -1.8e-17   1.1e-15   1.2e-15  -1.2e-15   9.2e-18 
   1.4e-17  -1.8e-17   1.1e-15  -4.4e-15   6.6e-15   6.1e-15 
   1.4e-17  -1.8e-17   1.1e-15   1.2e-15  -1.2e-15   9.2e-18 
   1.4e-17  -1.8e-17   1.1e-15   7e-15    -8.7e-15  -6e-15   

QFRC_BIAS
   6e-28   
  -8.5e-28 
   1.6e+02 
  -3.6e-05 
  -2.2     
   2.4e-08 
  -0.89    
   0.01    
  -0.98    
  -0.087   
  -0.89    
   0.01    
  -0.89    
   0.01    

QFRC_SPRING
   0       
   0       
   0       
   0       
   0       
   0       
   0       
   0       
   0       
   0       
   0       
   0       
   0       
   0       

QFRC_DAMPER
   0       
   0       
   0       
   0       
   0       
   0       
  -5.3e-15 
  -5.3e-15 
  -5.3e-15 
  -2.2e-15 
  -5.3e-15 
  -5.3e-15 
   5.3e-15 
   5.3e-15 

QFRC_GRAVCOMP
   0       
   0       
   0       
   0       
   0       
   0       
   0       
   0       
   0       
   0       
   0       
   0       
   0       
   0       

QFRC_FLUID
   0       
   0       
   0       
   0       
   0       
   0       
   0       
   0       
   0       
   0       
   0       
   0       
   0       
   0       

QFRC_PASSIVE
   0       
   0       
   0       
   0       
   0       
   0       
  -5.3e-15 
  -5.3e-15 
  -5.3e-15 
  -2.2e-15 
  -5.3e-15 
  -5.3e-15 
   5.3e-15 
   5.3e-15 

EFC_VEL
   5.3e-14 
   5.3e-14 
   5.3e-14 
   2.2e-14 
   5.3e-14 
   5.3e-14 
  -5.3e-14 
  -5.3e-14 
  -2.2e-14 
   1.6e-15 
  -3.4e-17 
   6.6e-17 
   1.6e-15 
  -2.9e-17 
   5.9e-17 
   1.7e-15 
  -3.6e-17 
   6.4e-17 
   1.7e-15 
  -3.1e-17 
   5.8e-17 

EFC_AREF
  -5.6e-12 
  -5.6e-12 
  -5.6e-12 
  -2.3e-12 
  -5.6e-12 
  -5.6e-12 
   5.6e-12 
   5.6e-12 
   1.9e+02 
   0.31    
   3.6e-15 
  -6.9e-15 
   0.26    
   3e-15   
  -6.2e-15 
   0.31    
   3.8e-15 
  -6.8e-15 
   0.26    
   3.2e-15 
  -6.1e-15 

SUBTREE_LINVEL
   0         0         0       
   0         0         0       
   0         0         0       
   0         0         0       
   0         0         0       
   0         0         0       
   0         0         0       
   0         0         0       
   0         0         0       
   0         0         0       
   0         0         0       
   0         0         0       
   0         0         0       
   0         0         0       

SUBTREE_ANGMOM
   0         0         0       
   0         0         0       
   0         0         0       
   0         0         0       
   0         0         0       
   0         0         0       
   0         0         0       
   0         0         0       
   0         0         0       
   0         0         0       
   0         0         0       
   0         0         0       
   0         0         0       
   0         0         0       

ACTUATOR_FORCE
  -0.98    
   45      
  -0.89    
   0.01    
  -0.89    
   0.01    
  -0.89    
   0.01    

QFRC_ACTUATOR
   0       
   0       
   0       
   0       
   0       
   0       
  -0.89    
   0.01    
  -0.98    
   45      
  -0.89    
   0.01    
  -0.89    
   0.01    

QFRC_SMOOTH
  -6e-28   
   8.5e-28 
  -1.6e+02 
   3.6e-05 
   2.2     
  -2.4e-08 
   1.9e-12 
   6.4e-13 
   1.9e-12 
   46      
   1.9e-12 
   6.4e-13 
  -1.8e-12 
  -6.4e-13 

QACC_SMOOTH
   0.33    
  -2.5     
  -14      
  -43      
  -42      
   6.3     
  -5.3     
   37      
  -9.5e+02 
   3.3e+03 
   34      
   9.1     
   7.9     
   32      

EFC_B
  -5.3     
   37      
  -9.5e+02 
   3.3e+03 
   34      
   9.1     
   7.9     
   32      
  -3.5e+03 
  -8.6     
  -1.5     
   2       
  -25      
  -2.9     
   3.9     
  -4.5     
  -1       
   2.3     
  -20      
  -2.5     
   4.2     

EFC_FORCE
  -1.9e-12 
  -6.4e-13 
  -1.9e-12 
  -2.7e-13 
  -1.9e-12 
  -6.4e-13 
   1.8e-12 
   6.4e-13 
   46      
   43      
  -2e-14   
   3.2e-14 
   37      
  -2.9e-15 
   8.5e-15 
   43      
  -2.4e-14 
   2.9e-14 
   37      
  -7.5e-15 
   5.1e-15 

EFC_STATE
  1
  1
  1
  1
  1
  1
  1
  1
  1
  1
  1
  1
  1
  1
  1
  1
  1
  1
  1
  1
  1

QFRC_CONSTRAINT
  -7.5e-14 
  -5.4e-14 
   1.6e+02 
  -3.6e-05 
  -2.2     
   2.4e-08 
  -1.9e-12 
  -6.4e-13 
  -1.9e-12 
  -46      
  -1.9e-12 
  -6.4e-13 
   1.8e-12 
   6.4e-13 

QFRC_INVERSE
   0       
   0       
   0       
   0       
   0       
   0       
   0       
   0       
   0       
   0       
   0       
   0       
   0       
   0       

CACC
   0         0         0        -0        -0         9.8     
   9.5e-14  -1.4e-13  -2.4e-15  -5.5e-15  -4.5e-15   9.8     
   9.5e-14  -1.4e-13  -2.4e-15  -5.5e-15  -4.5e-15   9.8     
   1.1e-13  -1.3e-13  -2.4e-15  -5.2e-15  -4.9e-15   9.8     
   1e-13    -1.4e-13  -2.4e-15  -4.8e-15  -5.4e-15   9.8     
   9.5e-14  -1.4e-13  -2.4e-15  -5.5e-15  -4.5e-15   9.8     
   1e-13    -1.4e-13  -2.4e-15  -5.3e-15  -4.7e-15   9.8     
   5.1e-14  -1.8e-13  -2.4e-15  -1.8e-15  -9.5e-15   9.8     
   9.5e-14  -1.4e-13  -2.4e-15  -5.5e-15  -4.5e-15   9.8     
   1.1e-13  -1.3e-13  -2.4e-15  -5.1e-15  -5e-15     9.8     
   1.1e-13  -1.4e-13  -2.4e-15  -4.5e-15  -5.8e-15   9.8     
   9.5e-14  -1.4e-13  -2.4e-15  -5.5e-15  -4.5e-15   9.8     
   7.5e-14  -1.6e-13  -2.4e-15  -5.8e-15  -4e-15     9.8     
   8.2e-14  -1.5e-13  -2.4e-15  -6.3e-15  -3.4e-15   9.8     

CFRC_INT
  -1.8e-15   1.7e-15  -5.9e-16  -1.5e-14  -1.9e-14   7.1e-15 
  -1.8e-15   1.7e-15  -5.9e-16  -1.5e-14  -1.9e-14   7.1e-15 
  -4.3      -0.41     -1.7e-15  -1.8e-14  -1.5e-14   23      
  -2         0.34     -1e-15    -1.6e-14  -1.3e-14   11      
  -0.3       0.26     -3.6e-16  -1.1e-14  -8.4e-15   2.7     
  -1.6      -4        -1.2e-15  -1.9e-14  -1.4e-14   23      
  -0.18     -1.9      -4e-16    -1.7e-14  -1.1e-14   11      
   0.24     -0.31      4.4e-16  -1.2e-14  -6.1e-15   2.7     
   2.6       4.7       7e-15    -1.6e-14  -1.4e-14   23      
   1.4       2.9       6.5e-15  -1.4e-14  -1.2e-14   11      
   0.55      0.9       4.8e-15  -1e-14    -8.5e-15   2.7     
   5.3       1.1       7e-15    -1.8e-14  -1.2e-14   23      
   3.2       0.53      6.6e-15  -1.6e-14  -9.8e-15   11      
   1         0.27      5e-15    -1.2e-14  -6.4e-15   2.7     

CFRC_EXT
   0         0         0         0         0         0       
   1.7e-14  -3e-14     1e-14    -7.5e-14  -5.4e-14   1.6e+02 
   0         0         0         0         0         0       
   0         0         0         0         0         0       
   0         0         0         0         0         0       
   0         0         0         0         0         0       
   0         0         0         0         0         0       
   0         0         0         0         0         0       
   0         0         0         0         0         0       
   0         0         0         0         0         0       
   0         0         0         0         0         0       
   0         0         0         0         0         0       
   0         0         0         0         0         0       
   0         0         0         0         0         0       

